0 0.24375 0.240625 0.17109375 0.15546875
0 0.4203125 0.2078125 0.0578125 0.06484375
0 0.4765625 0.21015625 0.0453125 0.03515625
0 0.65390625 0.21953125 0.08046875 0.07890625
0 0.6546875 0.1125 0.07890625 0.0890625
0 0.4203125 0.13046875 0.0578125 0.0484375
0 0.478125 0.121875 0.03984375 0.03671875
0 0.24453125 0.0859375 0.17265625 0.14296875
1 0.5328125 0.225 0.01953125 0.03671875
1 0.3671875 0.29140625 0.0859375 0.11875
1 0.4421875 0.31640625 0.078125 0.071875
1 0.59453125 0.23828125 0.05234375 0.075
1 0.3671875 0.05390625 0.0859375 0.09921875
1 0.4421875 0.0328125 0.071875 0.0625
1 0.58671875 0.1015625 0.0734375 0.0734375
1 0.8515625 0.24453125 0.2234375 0.178125