0 0.3421875 0.27421875 0.1484375 0.1015625
0 0.13046875 0.259375 0.15625 0.1
0 0.28046875 0.17265625 0.11328125 0.07890625
0 0.46875 0.22890625 0.1375 0.1078125
0 0.646875 0.26953125 0.14609375 0.10859375
0 0.7265625 0.18125 0.140625 0.11328125
0 0.55703125 0.16640625 0.1078125 0.075
0 0.4515625 0.1171875 0.103125 0.08203125
0 0.3140625 0.13046875 0.09765625 0.05625
0 0.21328125 0.115625 0.08359375 0.05234375
0 0.13046875 0.15625 0.11875 0.06640625
0 0.165625 0.09609375 0.0765625 0.0453125
0 0.090625 0.0953125 0.0734375 0.04375
0 0.4109375 0.05625 0.0765625 0.03984375
0 0.490625 0.05 0.05703125 0.046875
0 0.53046875 0.05625 0.06796875 0.0421875
0 0.67890625 0.040625 0.0765625 0.05234375
0 0.7578125 0.08359375 0.08359375 0.0734375
0 0.92578125 0.09296875 0.0765625 0.059375
0 0.828125 0.09296875 0.0765625 0.05078125
0 0.809375 0.18125 0.07109375 0.07890625