0 0.52265625 0.38359375 0.071875 0.06328125
0 0.5359375 0.46796875 0.1078125 0.0875
0 0.4671875 0.53046875 0.1375 0.12734375
0 0.18046875 0.58203125 0.12890625 0.12890625
0 0.1375 0.415625 0.11328125 0.06796875
0 0.33828125 0.7234375 0.15859375 0.18515625
0 0.33828125 0.91796875 0.16015625 0.1640625
0 0.65859375 0.50234375 0.09765625 0.06953125
0 0.64140625 0.34453125 0.046875 0.040625
0 0.69296875 0.37109375 0.0625 0.05234375
0 0.7140625 0.43515625 0.06796875 0.05234375
0 0.7984375 0.42890625 0.0890625 0.06328125
0 0.8625 0.47578125 0.15546875 0.1
0 0.8578125 0.3609375 0.08046875 0.046875