1 0.2640625 0.56875 0.03515625 0.04140625
1 0.346875 0.58203125 0.0328125 0.0328125
1 0.40390625 0.5953125 0.0328125 0.0421875
1 0.4953125 0.60390625 0.03515625 0.0453125
1 0.55078125 0.5890625 0.03515625 0.0640625
1 0.59921875 0.59921875 0.03671875 0.0421875
1 0.6234375 0.6046875 0.03671875 0.03828125
1 0.684375 0.61484375 0.03359375 0.0453125
1 0.76640625 0.59921875 0.03671875 0.05
1 0.84609375 0.6109375 0.03515625 0.03671875
1 0.909375 0.621875 0.03984375 0.0421875
1 0.96953125 0.61484375 0.04921875 0.0453125
1 0.175 0.57578125 0.02421875 0.034375
1 0.1390625 0.55859375 0.02421875 0.028125