0 0.08046875 0.475 0.03984375 0.03671875
0 0.15546875 0.45625 0.05078125 0.0296875
0 0.06484375 0.49765625 0.02578125 0.02578125
0 0.11796875 0.4875 0.046875 0.03828125
0 0.37578125 0.534375 0.06328125 0.06484375
0 0.5046875 0.465625 0.03984375 0.05546875
0 0.6546875 0.46015625 0.05625 0.05546875
0 0.79921875 0.4921875 0.0765625 0.05390625
0 0.690625 0.51953125 0.0609375 0.05546875
0 0.5453125 0.5046875 0.05546875 0.05078125
0 0.28515625 0.50546875 0.04375 0.03515625
0 0.26875 0.4265625 0.03984375 0.0328125